Cexcelsa_scaf_5	8407580	p.Phe107Cys	0	154	0	0.875	205	0	179.375	179.375
Cexcelsa_scaf_3	4285395	p.Phe168Cys	1	145	0.016831586	0.804282018	205	3.450475054	164.8778137	161.4273386
Cexcelsa_scaf_2	4117123	p.Cys369Phe	1	141	0.016820144	0.78156328	205	3.448129511	160.2204724	156.7723429
Cexcelsa_scaf_3	1111861	p.Arg547Cys	1	153	0.0168527	0.849720816	180	3.033486079	152.949747	149.9162609
Cexcelsa_scaf_4	35104117	p.Ile500Asn	0	176	0	1	149	0	149	149
Cexcelsa_scaf_2	555531	p.Cys853Trp	0	118	0	0.670454545	215	0	144.1477273	144.1477273
Cexcelsa_scaf_5	11523522	p.Asp96Tyr	0	157	0	0.892045455	160	0	142.7272727	142.7272727
Cexcelsa_scaf_4	35107286	p.Ser1058Leu	0	171	0	0.971590909	145	0	140.8806818	140.8806818
Cexcelsa_scaf_5	11779898	p.Ser269Phe	2	166	0.033067237	0.904464084	155	5.125421729	140.191933	135.0665112
Cexcelsa_scaf_5	8407625	p.Ser92Phe	0	153	0	0.869318182	155	0	134.7443182	134.7443182
Cexcelsa_scaf_5	9840199	p.Pro80His	0	85	0	0.482954545	77	0	37.1875	37.1875
Cexcelsa_scaf_5	11780297	p.Asp136Gly	12	131	0.152274674	0.547813908	94	14.31381937	51.49450737	37.180688
Cexcelsa_scaf_3	38128937	p.Gly251Asp	5	98	0.072429588	0.467829296	94	6.808381312	43.97595384	37.16757252
Cexcelsa_scaf_1	51106660	p.Lys15Asn	10	122	0.130885375	0.526218703	94	12.30322529	49.46455804	37.16133275
Cexcelsa_scaf_5	2971235	p.Thr426Asn	5	130	0.075540595	0.647245551	65	4.910138661	42.0709608	37.16082214
Cexcelsa_scaf_5	7788950	p.Val161Gly	0	60	0	0.340909091	109	0	37.15909091	37.15909091
Cexcelsa_scaf_1	640343	p.Gly59Val	0	60	0	0.340909091	109	0	37.15909091	37.15909091
Cexcelsa_scaf_6	19788958	p.Gly15Glu	1	73	0.016439596	0.395484361	98	1.611080363	38.75746737	37.146387
Cexcelsa_scaf_6	16165677	p.Gly91Glu	1	73	0.016439596	0.395484361	98	1.611080363	38.75746737	37.146387
Cexcelsa_scaf_6	25650028	p.Glu69Gly	5	95	0.072042563	0.451084684	98	7.060171176	44.20629907	37.14612789